date,total,covid+_deaths,total_deaths,admissions,discharges,deaths,covid_discharges,pneumonia,covid,covid_suspected,covid_pneumonia,covid_icu,total_icu,total_oxygen,covid_vent,total_vent,total_vent_ratio,total_icu_ratio
21.04.2020,125,,,,,,,,10,,,,14,,,2,1.60,11.20
22.04.2020,244,,,120,,1,,,10,,,,22,,,4,1.64,9.02
23.04.2020,306,,,65,1,2,,,18,,,,30,,,4,1.31,9.80
24.04.2020,309,,,4,1,,,,24,,,,32,,,6,1.94,10.36
25.04.2020,304,,,7,12,,,,24,,,,30,,,6,1.97,9.87
26.04.2020,,,,,,,,,,,,,,,,,#DIV/0!,#DIV/0!
27.04.2020,378,,,79,9,,,,46,,,,30,,,12,3.17,7.94
28.04.2020,385,,,51,44,,,,46,,,,31,,,13,3.38,8.05
29.04.2020,360,,,26,51,,,,50,,,,29,,,11,3.06,8.06
30.04.2020,328,,,12,44,,,,54,,,,28,,,11,3.35,8.54
01.05.2020,313,,,13,28,,,,97,,,,25,,,14,4.47,7.99
02.05.2020,285,,,15,43,,,,110,,,,24,,,11,3.86,8.42
03.05.2020,269,,,4,20,,,,110,,,,20,,,10,3.72,7.43
04.05.2020,282,,,24,11,,,,110,,,,22,,,10,3.55,7.80
05.05.2020,259,,,8,31,,,,98,,,,16,,,7,2.70,6.18
06.05.2020,237,,,16,38,,,,109,,,,15,,,7,2.95,6.33
07.05.2020,234,,,28,31,,,,105,,,,15,,,5,2.14,6.41
08.05.2020,223,,,26,37,,,,102,,,,16,,,3,1.35,7.17
10.05.2020,192,,,16,15,,,,75,,,,19,,,6,3.13,9.90
11.05.2020,224,,,35,3,,,,78,,,,22,,,5,2.23,9.82
12.05.2020,216,,,6,14,,,,86,,,,20,,,9,4.17,9.26
13.05.2020,215,,,14,15,,,,105,,,,22,,,13,6.05,10.23
14.05.2020,211,,,24,28,,,,93,,,,21,,,11,5.21,9.95
15.05.2020,213,,,24,22,,,,84,,,,26,,,13,6.10,12.21
16.05.2020,207,,,29,35,,,,95,,,,24,,,12,5.80,11.59
17.05.2020,212,,,12,7,,,,95,,,,19,,,11,5.19,8.96
18.05.2020,214,,,10,8,,,,95,,,,20,,,15,7.01,9.35
19.05.2020,207,,,18,25,,,,94,,,,20,,,15,7.25,9.66
20.05.2020,192,,,20,35,,,,104,,,,24,,,14,7.29,12.50
21.05.2020,192,,,18,18,,,,92,,,,22,,,10,5.21,11.46
22.05.2020,184,,,9,17,,,,96,,,,18,,,8,4.35,9.78
25.05.2020,190,,,18,3,,,,87,,,,21,,,7,3.68,11.05
26.05.2020,190,,,21,21,,,,85,,,,22,,,7,3.68,11.58
27.05.2020,214,,,47,23,,,,80,,,,3,,,3,1.40,1.40
28.05.2020,231,,,41,24,,,,86,,,,23,,,7,3.03,9.96
29.05.2020,247,,,26,10,,,,92,,,,21,,,7,2.83,8.50
30.05.2020,239,,,22,30,,,,116,,,,23,,,,0.00,9.62
31.05.2020,248,,,25,16,,,,124,,,,21,,,,0.00,8.47
01.06.2020,251,,,5,2,,,,124,,,,21,,,7,2.79,8.37
02.06.2020,241,,,17,21,,,,154,,,,21,,,,0.00,8.71
03.06.2020,241,,,25,25,,,,158,,,,19,,,4,1.66,7.88
04.06.2020,248,,,30,23,,,,149,,,,25,,,6,2.42,10.08
05.06.2020,234,,,8,22,,,,149,,,,21,,,6,2.56,8.97
06.06.2020,216,,,14,32,,,,117,,,,23,,,,0.00,10.65
07.06.2020,235,,,26,7,,,,117,,,,27,,,,0.00,11.49
08.06.2020,235,,,7,7,,,,117,,,,27,,,7,2.98,11.49
09.06.2020,217,,,9,27,,,,133,,,,22,,,6,2.76,10.14
10.06.2020,203,,,22,36,,,,103,,,,21,,,6,2.96,10.34
11.06.2020,216,,,31,18,,,,101,,,,20,,,7,3.24,9.26
12.06.2020,217,,,23,22,,,,92,,,,20,,,,0.00,9.22
13.06.2020,210,,,24,31,,,,79,,,,25,,,,0.00,11.90
14.06.2020,230,,,19,4,,,,79,,,,22,,,,0.00,9.57
15.06.2020,238,,,8,3,,,,82,,,,27,,,7,2.94,11.34
16.06.2020,230,,,10,18,,,,96,,,,20,,,6,2.61,8.70
17.06.2020,211,,,10,29,,,,106,,,,14,,,6,2.84,6.64
18.06.2020,209,,,23,25,,,,106,,,,19,,,5,2.39,9.09
19.06.2020,215,,,24,18,,,,109,,,,24,,,3,1.40,11.16
20.06.2020,193,,,12,34,,,,,,,,15,,,,0.00,7.77
21.06.2020,224,,,36,5,,,,,,,,21,,,,0.00,9.38
22.06.2020,240,,,18,2,,,,92,,,,24,,,5,2.08,10.00
23.06.2020,231,,,16,25,,,,102,,,,17,,,3,1.30,7.36
24.06.2020,212,,,15,34,,,,114,,,,22,,,,,
25.06.2020,223,,,14,3,,,,114,,,,21,,,8,3.59,9.42
26.06.2020,221,,,21,23,,,,112,,,,21,,,8,3.62,9.50
27.06.2020,203,,,16,34,,,,131,,,,21,,,,,
28.06.2020,213,,,16,6,,,,131,,,,23,,,,,
29.06.2020,223,,,14,4,,,,130,,,,22,,,8,3.59,9.87
30.06.2020,223,,,31,31,,,,116,,,,19,,,6,2.69,8.52
01.07.2020,199,,,10,34,,,,,,,,21,,,,,
02.07.2020,194,,,0,5,,,,108,,,,21,,,6,3.09,10.82
03.07.2020,177,,,3,20,,,,109,,,,14,,,,,
04.07.2020,141,,,1,37,,,,81,,,,15,,,,,
05.07.2020,139,,,0,2,,,,79,,,,14,,,,,
06.07.2020,136,,,0,3,,,,78,,,,13,,,3,2.21,9.56
07.07.2020,79,,,0,57,,,,65,,,,4,,,1,1.27,5.06